233
839
1222
1240
1431
1434
1529
2629
2651
2712
2798
3089
3684
10418
13724
16693
19806
42308
50882
55947
60580
60598
60606
60618
60621
67861
92490
100664
100820
101541
102261
103056
103163
103703
103850
104871
107107
108344
109149
113380
114895
114991
115156
123413
129807
130149
133194
134457
136318
136863
139737
145058
145976
152431
157732
164402
166591
167800
169792
170827
173357
178038
178911
180928
184957
185193
200328
201121
201138
202428
202781
202812
205192
208525
209828
213225
213540
216246
235390
236941
239967
240929
241307
244224
246091
253352
254344
254352
255102
257854
258745
262886
267337
273907
274117
274555
275064
276013
277194
277912
303702
304218
307199
325153
343598
345300
354746
384552
417032
424925
441506
509610
513370
514080
519172
529594
529653
532985
537096
538065
542030
543548
546459
548178
551024
551089
551191
552146
552379
552808
553526
558742
561611
561781
567811
581015
581789
609168
612012
626366
628527
632092
635387
636793
641029
644336
675672
678459
682677
683951
685071
685703
690308
698867
703266
706656
710899
715381
723314
731533
742201
747447
751150
765871
772674
798275
798898
805243
808862
809561
811080
811571
811681
813148
815435
816982
817657
819363
822855
829745
833216
834352
835441
836925
905647
1091932
1097813
1104719
1105533
1107227
1107276
1107644
1108365
1108892
1109948
1110401
1111149
1112221
1112322
1116492
1122817
1125831
1126466
1129580
1134327
1134463
1137819
1142263
1142871
1143745
1146343
1681528
1720381
1814821
1874414
1922522
1976361
2173013
2186943
2200019
2439154
2511255
2536173
2601680
2816248
2874843
2880681
2929132
3231788
3377395
3420626
3730098
3850642
3946293
4064676
4064677
4064690
4140497
4183921
4215053
4240789
4296364
4298783
4311834
4323138
4323161
4328163
4328454
4332986
4336533
4342109
4344032
4345226
4349992
4349993
4350397
4354038
4364157
4364242
4367972
4373480
4375495
4376404
4377582
4377842
4380741
4381807
4383665
4390266
4392099
4393772
4396951
4400115
4405016
4407251
4408887
4410102
4411536
4414518
4417783
4418610
4421825
4422295
4423691
4424040
4429012
4430178
4430298
4431449
4431617
4434246
4437015
4437875
4439811
4442206
4445547
4452531
4452846
4456375
4456654
4457778
4458508
4460852
4461429
4466182
4466442
4467632
4468759
4469043
4469687
4472200
4474184
4476407
4476741
4477424
4478995
4482707
4482911
4484067
4484494
4484578
4484579
4484640
4485182
4485207
4485268
4485281
4485327
4485331
4485591
4485687
4485688
4485697
4485744
4485775
4485790
4485906
4485924
4485933
4485934
4485948
4485956
4485978
4485983
4486068
4486101
4486109
4486121
4486125
4486283
